1
27,214
28,213   28,214  28,215
215,214
___________
2
30,232
31,231   31,232  31,233
233,232
___________
3
30,239
31,238   31,239  31,240
240,239
___________
4
37,154
38,153   38,154  38,155
155,154
___________
5
60,93
61,92   61,93  61,94
94,93
___________
6
77,14
78,13   78,14  78,15
15,14
___________
7
111,241
112,240   112,241  112,242
242,241
___________
8
112,241
113,240   113,241  113,242
242,241
___________
9
115,297
116,296   116,297  116,298
298,297
___________
10
116,297
117,296   117,297  117,298
298,297
___________
11
117,297
118,296   118,297  118,298
298,297
___________
12
118,78
119,77   119,78  119,79
79,78
___________
13
127,78
128,77   128,78  128,79
79,78
___________
14
174,34
175,33   175,34  175,35
35,34
___________
15
182,281
183,280   183,281  183,282
282,281
___________
16
187,48
188,47   188,48  188,49
49,48
___________
17
195,144
196,143   196,144  196,145
145,144
___________
